62645347
62743669
19646701
57152923
62320243
7342611233
6356227799
4329132737
1223496061
6161210933
4970091103
6123234907
7382527403
5256049847
2987820749
996302832127789
723738622324589
619104614350793
726045347741947
771395795931619
899888994109333
908122246835497
853748422625177
108068771656511
958663673663483
94156652896243653167
77853507462136177097
30827345453613948511
96994944752841302267
3040860622529717398963177
6587707341870788289354529
7309720627960158960894761
6468577567129331329745723
3017476427020712305389817
4926280376549457000056939
5022301777741700256796529
5612470738728100018227023
6172456325292382865559803
2859738446847341215951727
4667740539492560337584113
6025461773673509868915547
428415374886605201842884574331
788524549606062864304374280373
720578784984949976929880914711
729299315880774495425535303829
513571431166620902991487151467
800626256731911839499950134229
532270803399595565267203898309
632039395230249592411404200261
174129755662735924130391000547
465433723518450973098629941693
1555988361283388102590995159934425591647
3918037155018892214242739582161590715999
6333136154676597546715753312257915404399
5413978483600164809845761925334306958487