23051896077282195343098149233939000815286142 3471371415353706757664914582747760117412099 30764511715946382954459664353608256888170923 


8758879827569994020056987321330595420076414 31941243581041046553059747476146531747476889 

17056001129339911836455454427746153553408617 3106780195428560402029987237840008675678033 10822364157249972924967996074722923001756198 
2891990038085774584149487917831543736360407 

21893139378009546384436263128914188173493904 31897428875189233716279330136903403570609153 4741433792599864505463408649073670085345171 
2891990038085774584149487917831543736360407 

33047359667245928511294124307349116034380648 5998375574366164814147142955542359837712824 
444496367072855352663293243498973685022766 7142354374238438047706618772537601131838449 