138061594861819
166966689381253
869107168765063
857611303002023
390619480459399
613461414021947
817023485747663
109826134577441
288928028529053
490141708446133
53194235216266811
66045607695196139
78158706760354729
68556190572596717
30035591166086963
15304306108727159
49226163887629787
92401053764528213
91599209622360137
37916600345821837
9167720013620060891
8519709097247118949
1974819255989487109
1659074042608679407
6797879952471561643
2164648861963373719
5978015207558339251
8389174472260029247
9798432802061084579
5893557254688208687
991594866828151255619
295918277557730896069
443087106808546479101
693012092112352877479
185574594935772145247
573367624343323557959
218868801791157170623
372526103587602566429
653305810752175670567
450635272727498867663
11484482797830354621983
12192536085444167230027
80440151029105149323309
74603226601634135126749
91582492061679573501893
91380948886107527833091
24731361763037915333809
79204575738430826588131
91620390471781343307131
59657378250633492464539
2285293451394603846024167
8753814419073497019309643
1323223379234313621347761
7332676468047291022056781
1398219904194584674071493
4965023641573375826826227
2905723685599309314290281
2682430300498599400681699
7094423505446611838715301
3254335263920863161011717